%YAML:1.0
---
desc_matrix: !!opencv-matrix
   rows: 100
   cols: 64
   dt: u
   data: [ 160, 59, 0, 8, 12, 28, 56, 112, 224, 192, 128, 225, 124, 255,
       193, 3, 3, 28, 50, 132, 127, 92, 67, 0, 0, 128, 25, 49, 104, 239,
       12, 179, 220, 147, 199, 4, 247, 254, 255, 191, 223, 188, 43, 24,
       128, 225, 239, 254, 255, 159, 102, 63, 0, 162, 248, 255, 255, 125,
       126, 62, 18, 1, 0, 205, 4, 122, 223, 7, 0, 0, 97, 127, 109, 0, 0,
       0, 96, 239, 253, 255, 255, 255, 249, 1, 6, 0, 0, 64, 117, 254,
       158, 25, 64, 128, 32, 231, 63, 255, 252, 243, 159, 24, 194, 24,
       231, 128, 0, 0, 196, 24, 128, 0, 0, 224, 247, 247, 251, 12, 10,
       10, 193, 254, 255, 63, 155, 7, 0, 252, 48, 0, 16, 12, 64, 223,
       127, 16, 16, 32, 225, 110, 127, 0, 32, 201, 111, 159, 121, 2, 2,
       191, 247, 127, 152, 7, 7, 12, 56, 99, 214, 127, 111, 221, 240,
       255, 255, 191, 67, 136, 33, 238, 110, 115, 48, 102, 255, 126, 255,
       175, 255, 191, 102, 81, 252, 254, 135, 40, 0, 222, 36, 40, 129,
       130, 180, 251, 255, 239, 225, 64, 0, 67, 0, 198, 61, 239, 113,
       199, 61, 255, 252, 255, 195, 33, 8, 195, 52, 110, 231, 255, 3,
       132, 59, 255, 125, 231, 57, 239, 60, 243, 189, 127, 143, 24, 100,
       216, 219, 255, 255, 6, 16, 155, 219, 231, 112, 243, 251, 28, 202,
       220, 247, 109, 4, 134, 255, 17, 16, 176, 128, 123, 207, 195, 192,
       128, 97, 0, 0, 0, 0, 12, 112, 199, 253, 111, 62, 112, 192, 1, 0,
       0, 0, 0, 0, 83, 31, 0, 48, 234, 61, 103, 24, 100, 159, 125, 196,
       216, 203, 30, 255, 0, 1, 191, 128, 228, 255, 16, 158, 239, 255,
       119, 162, 108, 39, 241, 191, 109, 118, 255, 27, 193, 207, 239, 4,
       0, 16, 0, 255, 223, 63, 0, 16, 32, 224, 174, 127, 254, 249, 231,
       119, 159, 121, 192, 1, 159, 255, 127, 159, 7, 0, 0, 60, 115, 236,
       99, 15, 253, 252, 255, 255, 255, 115, 140, 49, 100, 60, 243, 48,
       6, 250, 255, 255, 159, 207, 39, 224, 125, 254, 127, 147, 8, 6,
       195, 32, 48, 145, 146, 180, 251, 255, 239, 225, 193, 0, 1, 129,
       222, 61, 231, 81, 135, 126, 255, 189, 247, 207, 33, 14, 243, 176,
       79, 231, 97, 35, 128, 31, 255, 255, 239, 57, 100, 248, 255, 253,
       17, 194, 0, 6, 28, 250, 241, 63, 127, 3, 16, 221, 255, 255, 223,
       162, 73, 70, 182, 135, 0, 0, 192, 96, 176, 247, 255, 132, 123,
       223, 7, 0, 0, 64, 96, 224, 192, 0, 0, 0, 207, 1, 231, 92, 115, 3,
       0, 0, 0, 4, 96, 0, 28, 24, 96, 248, 131, 5, 0, 88, 175, 61, 127,
       148, 0, 3, 0, 0, 194, 12, 0, 192, 153, 253, 217, 8, 16, 4, 2, 25,
       244, 31, 135, 129, 104, 246, 255, 255, 207, 31, 5, 128, 123, 255,
       239, 231, 195, 3, 0, 0, 0, 17, 238, 115, 207, 61, 226, 192, 255,
       155, 103, 8, 195, 48, 14, 135, 3, 6, 0, 0, 98, 252, 247, 255, 255,
       53, 134, 57, 118, 15, 16, 196, 16, 19, 33, 51, 102, 211, 118, 25,
       4, 242, 243, 255, 255, 9, 208, 180, 97, 116, 255, 31, 204, 223,
       58, 180, 123, 199, 251, 239, 4, 0, 67, 65, 198, 29, 255, 255, 255,
       255, 247, 31, 68, 188, 233, 45, 195, 0, 0, 64, 176, 56, 225, 25,
       111, 252, 227, 15, 21, 242, 200, 231, 135, 176, 94, 196, 16, 3, 8,
       136, 145, 253, 191, 8, 237, 50, 17, 0, 8, 6, 32, 79, 89, 97, 36,
       95, 64, 68, 223, 0, 98, 0, 9, 0, 16, 121, 124, 32, 0, 0, 136, 127,
       254, 73, 3, 0, 255, 251, 7, 22, 0, 0, 64, 0, 26, 28, 56, 32, 192,
       40, 243, 255, 255, 5, 0, 55, 254, 255, 255, 231, 0, 0, 140, 192,
       153, 198, 100, 254, 191, 2, 227, 93, 182, 153, 209, 36, 203, 255,
       37, 0, 98, 102, 205, 128, 123, 255, 239, 231, 131, 1, 6, 0, 8, 17,
       228, 113, 199, 28, 226, 240, 255, 219, 103, 8, 195, 48, 14, 199,
       3, 0, 0, 0, 235, 252, 255, 255, 239, 48, 131, 57, 119, 15, 0, 132,
       16, 146, 177, 50, 6, 3, 16, 73, 228, 243, 255, 255, 147, 136, 208,
       135, 65, 96, 241, 8, 46, 25, 50, 176, 255, 223, 225, 224, 208, 1,
       0, 128, 134, 13, 230, 240, 255, 255, 255, 31, 121, 64, 33, 79,
       243, 50, 14, 131, 97, 227, 254, 123, 231, 48, 227, 25, 47, 254,
       255, 198, 16, 225, 84, 149, 16, 146, 49, 51, 3, 56, 255, 127, 139,
       114, 115, 25, 12, 38, 46, 87, 116, 99, 176, 26, 140, 157, 59, 180,
       187, 255, 255, 231, 195, 0, 0, 129, 198, 125, 255, 119, 207, 44,
       240, 232, 247, 223, 247, 28, 195, 0, 4, 0, 0, 17, 98, 8, 124, 252,
       255, 255, 207, 48, 130, 61, 119, 222, 121, 198, 16, 3, 16, 16,
       177, 255, 33, 0, 229, 242, 255, 111, 19, 200, 216, 231, 121, 100,
       36, 16, 236, 237, 223, 176, 255, 223, 227, 224, 208, 0, 0, 128,
       128, 1, 238, 240, 231, 159, 255, 255, 121, 64, 33, 206, 251, 183,
       31, 128, 3, 1, 206, 121, 231, 28, 227, 25, 231, 158, 123, 206, 16,
       225, 204, 183, 61, 147, 49, 48, 230, 255, 255, 127, 135, 118, 243,
       255, 247, 255, 35, 17, 124, 203, 0, 16, 140, 157, 59, 255, 191,
       255, 255, 243, 224, 0, 128, 128, 207, 31, 255, 247, 223, 126, 243,
       237, 247, 253, 63, 140, 195, 56, 14, 128, 0, 1, 226, 25, 39, 252,
       243, 111, 223, 116, 131, 29, 52, 222, 56, 230, 144, 19, 49, 16,
       39, 41, 137, 201, 228, 178, 191, 255, 7, 0, 0, 0, 0, 228, 247, 27,
       136, 145, 187, 244, 255, 199, 96, 104, 0, 0, 0, 0, 0, 13, 255,
       253, 247, 223, 55, 15, 104, 224, 185, 127, 251, 1, 14, 0, 1, 23,
       4, 16, 96, 60, 227, 157, 55, 215, 28, 70, 152, 249, 255, 255, 29,
       3, 0, 32, 244, 255, 54, 24, 196, 114, 115, 159, 39, 33, 35, 120,
       255, 255, 36, 18, 0, 204, 207, 180, 72, 223, 239, 39, 0, 0, 0, 0,
       246, 125, 47, 16, 0, 125, 238, 125, 247, 155, 99, 12, 0, 0, 0,
       128, 185, 27, 128, 156, 255, 255, 127, 49, 252, 248, 255, 255,
       255, 147, 24, 128, 0, 0, 0, 0, 252, 95, 0, 200, 224, 251, 255,
       226, 253, 255, 247, 217, 124, 118, 52, 31, 4, 4, 0, 176, 123, 223,
       239, 225, 192, 0, 71, 231, 222, 253, 239, 127, 255, 253, 239, 31,
       127, 250, 45, 12, 227, 48, 6, 67, 64, 224, 227, 63, 255, 253, 231,
       159, 252, 255, 132, 255, 222, 247, 127, 231, 16, 3, 0, 2, 16, 0,
       137, 201, 96, 112, 240, 31, 4, 248, 255, 255, 255, 126, 36, 16, 0,
       125, 48, 128, 123, 207, 195, 192, 128, 65, 0, 0, 0, 1, 12, 112,
       199, 253, 111, 62, 112, 0, 0, 0, 0, 0, 0, 132, 31, 0, 0, 0, 235,
       61, 103, 24, 100, 223, 125, 196, 152, 203, 30, 224, 0, 1, 191, 0,
       230, 255, 24, 158, 239, 255, 119, 162, 108, 39, 241, 255, 109,
       118, 127, 31, 201, 207, 239, 180, 123, 223, 231, 239, 1, 0, 67,
       65, 0, 0, 41, 96, 199, 61, 238, 122, 225, 0, 33, 72, 67, 16, 10,
       67, 147, 4, 0, 0, 2, 4, 192, 57, 111, 62, 185, 251, 3, 0, 0, 4,
       16, 157, 232, 171, 254, 255, 0, 136, 248, 247, 243, 191, 212, 252,
       255, 223, 96, 112, 56, 255, 255, 239, 255, 244, 59, 195, 96, 104,
       64, 0, 65, 227, 198, 141, 255, 254, 251, 204, 3, 14, 124, 254,
       255, 63, 251, 0, 0, 0, 224, 121, 227, 9, 4, 188, 243, 206, 153,
       195, 4, 39, 254, 255, 255, 255, 24, 147, 25, 0, 160, 173, 0, 0,
       228, 50, 61, 192, 175, 0, 0, 44, 223, 255, 39, 26, 13, 8, 137,
       176, 19, 215, 239, 239, 207, 31, 7, 19, 190, 253, 239, 63, 11,
       124, 232, 99, 207, 27, 224, 64, 135, 48, 12, 3, 97, 66, 128, 27,
       127, 255, 185, 247, 254, 247, 147, 251, 239, 63, 29, 0, 224, 27,
       127, 35, 228, 255, 190, 91, 125, 148, 192, 255, 191, 8, 112, 254,
       239, 118, 20, 0, 232, 249, 251, 180, 121, 203, 107, 97, 193, 0,
       67, 203, 6, 4, 32, 0, 255, 253, 231, 127, 255, 251, 35, 8, 1, 0,
       0, 0, 112, 124, 255, 253, 197, 1, 6, 25, 255, 255, 255, 255, 252,
       243, 159, 231, 128, 3, 8, 128, 241, 189, 255, 119, 155, 65, 243,
       251, 255, 3, 0, 0, 0, 254, 255, 155, 205, 204, 255, 180, 123, 199,
       32, 32, 80, 32, 0, 0, 130, 5, 46, 112, 225, 253, 47, 62, 120, 64,
       33, 10, 129, 144, 76, 145, 11, 0, 68, 16, 35, 4, 0, 24, 99, 254,
       127, 239, 153, 67, 28, 245, 244, 15, 32, 0, 224, 39, 8, 249, 188,
       127, 119, 163, 124, 255, 191, 251, 124, 118, 62, 144, 255, 255,
       255, 132, 123, 199, 239, 231, 199, 9, 0, 128, 128, 0, 14, 112,
