%YAML:1.0
---
desc_matrix: !!opencv-matrix
   rows: 100
   cols: 64
   dt: u
   data: [ 244, 255, 207, 1, 0, 64, 96, 48, 161, 198, 13, 239, 248, 247,
       223, 127, 191, 121, 192, 33, 6, 0, 128, 65, 32, 40, 25, 32, 0, 2,
       52, 227, 25, 39, 156, 120, 199, 159, 239, 28, 231, 136, 114, 157,
       213, 173, 238, 113, 0, 0, 50, 49, 24, 12, 70, 236, 254, 239, 118,
       54, 129, 239, 63, 1, 160, 127, 207, 225, 224, 192, 97, 0, 0, 0, 0,
       204, 112, 231, 255, 111, 30, 48, 0, 32, 0, 131, 240, 127, 255, 31,
       4, 0, 0, 0, 12, 225, 24, 119, 159, 60, 132, 0, 3, 24, 64, 0, 112,
       231, 119, 14, 0, 0, 217, 32, 32, 113, 185, 174, 3, 0, 144, 255,
       255, 0, 128, 50, 51, 50, 48, 121, 223, 231, 97, 193, 2, 127, 107,
       94, 45, 5, 0, 135, 29, 239, 126, 241, 0, 0, 0, 0, 32, 112, 99,
       253, 127, 53, 128, 0, 1, 0, 17, 255, 255, 255, 255, 255, 231, 31,
       0, 0, 0, 196, 239, 216, 150, 96, 0, 88, 119, 243, 251, 253, 254,
       127, 153, 108, 102, 52, 8, 2, 98, 236, 176, 251, 255, 255, 227,
       131, 0, 0, 0, 132, 125, 255, 115, 207, 60, 240, 252, 255, 255,
       119, 30, 195, 0, 8, 0, 0, 0, 0, 0, 126, 252, 255, 255, 207, 48,
       130, 191, 255, 255, 29, 198, 16, 3, 0, 0, 0, 0, 0, 217, 229, 243,
       255, 127, 19, 200, 88, 190, 239, 100, 36, 16, 8, 0, 0, 180, 251,
       255, 239, 225, 0, 0, 0, 0, 198, 29, 239, 112, 199, 61, 255, 253,
       255, 207, 35, 12, 227, 0, 14, 192, 1, 0, 192, 57, 239, 60, 231,
       25, 103, 60, 227, 191, 51, 130, 24, 134, 16, 147, 185, 185, 7, 97,
       159, 223, 255, 255, 247, 191, 93, 222, 222, 135, 0, 64, 224, 250,
       255, 255, 63, 95, 0, 48, 254, 191, 47, 158, 128, 152, 251, 227,
       22, 134, 188, 243, 222, 179, 7, 60, 253, 255, 132, 9, 0, 0, 0, 25,
       226, 220, 19, 197, 4, 255, 255, 247, 223, 251, 207, 48, 215, 204,
       1, 3, 25, 144, 177, 4, 128, 253, 48, 229, 115, 1, 0, 36, 60, 255,
       247, 123, 32, 18, 0, 192, 237, 160, 123, 223, 239, 227, 192, 65,
       2, 0, 0, 0, 0, 96, 199, 29, 110, 56, 247, 219, 47, 12, 131, 48,
       111, 167, 11, 4, 24, 96, 0, 0, 227, 251, 255, 63, 167, 125, 246,
       222, 25, 0, 0, 216, 255, 255, 15, 226, 255, 63, 136, 247, 243,
       255, 55, 248, 255, 7, 0, 0, 65, 64, 240, 243, 114, 176, 123, 207,
       225, 224, 192, 65, 2, 0, 0, 29, 239, 120, 231, 253, 239, 63, 121,
       128, 0, 0, 251, 246, 63, 167, 103, 231, 239, 57, 252, 125, 167, 0,
       252, 255, 255, 255, 153, 3, 128, 255, 255, 255, 63, 191, 231, 185,
       191, 223, 255, 93, 39, 162, 252, 255, 183, 217, 44, 22, 223, 183,
       201, 253, 51, 32, 120, 207, 235, 237, 157, 3, 79, 79, 28, 40, 0,
       0, 247, 253, 239, 127, 255, 240, 161, 79, 255, 247, 31, 70, 2, 64,
       208, 231, 255, 127, 239, 29, 252, 94, 128, 143, 254, 63, 128, 7,
       126, 255, 251, 59, 7, 35, 8, 204, 255, 255, 255, 7, 128, 4, 64,
       190, 239, 0, 0, 64, 184, 121, 50, 248, 255, 239, 241, 240, 152, 0,
       66, 2, 68, 31, 255, 240, 231, 255, 63, 132, 64, 0, 1, 200, 195,
       63, 126, 2, 64, 80, 101, 49, 103, 28, 225, 8, 39, 15, 56, 128,
       128, 11, 110, 52, 112, 154, 243, 0, 192, 245, 255, 251, 127, 6,
       35, 153, 14, 3, 161, 253, 255, 255, 62, 12, 170, 25, 8, 176, 59,
       195, 105, 4, 0, 64, 98, 98, 68, 8, 111, 116, 243, 69, 7, 8, 255,
       255, 175, 31, 32, 0, 0, 96, 248, 127, 63, 121, 68, 0, 128, 252,
       243, 5, 0, 32, 254, 254, 57, 194, 136, 65, 140, 254, 25, 248, 255,
       190, 25, 68, 115, 89, 142, 0, 64, 36, 203, 64, 36, 139, 119, 38,
       196, 251, 191, 231, 253, 127, 224, 193, 130, 0, 1, 2, 16, 224,
       251, 79, 182, 217, 255, 255, 23, 128, 0, 8, 192, 0, 10, 4, 0, 0,
       0, 12, 32, 8, 187, 237, 103, 1, 0, 0, 88, 192, 0, 0, 128, 0, 8,
       128, 1, 254, 60, 38, 2, 249, 253, 7, 0, 0, 0, 193, 225, 0, 34, 32,
       0, 0, 123, 207, 239, 239, 223, 127, 0, 132, 0, 24, 238, 127, 255,
       253, 103, 1, 15, 18, 160, 64, 130, 32, 12, 134, 3, 0, 64, 0, 111,
       124, 227, 159, 255, 255, 156, 227, 220, 251, 127, 192, 128, 19,
       189, 178, 7, 0, 152, 201, 111, 0, 32, 249, 174, 179, 251, 255, 77,
       110, 37, 128, 233, 255, 127, 176, 17, 211, 239, 239, 207, 31, 3,
       147, 190, 253, 239, 63, 9, 124, 232, 33, 130, 56, 239, 121, 207,
       51, 12, 131, 97, 99, 134, 63, 127, 255, 189, 247, 254, 243, 143,
       123, 238, 28, 3, 8, 0, 18, 1, 51, 23, 8, 147, 219, 117, 128, 224,
       127, 183, 184, 248, 255, 247, 112, 48, 126, 158, 149, 183, 176,
       255, 223, 227, 224, 208, 1, 0, 128, 128, 1, 238, 240, 231, 159,
       255, 126, 121, 64, 33, 78, 243, 182, 30, 131, 3, 7, 222, 121, 231,
       60, 227, 25, 255, 191, 191, 254, 16, 193, 76, 149, 20, 18, 49, 51,
       103, 57, 254, 127, 135, 118, 247, 155, 4, 190, 63, 19, 124, 67,
       32, 126, 142, 157, 191, 148, 123, 0, 8, 4, 28, 40, 113, 225, 194,
       133, 47, 60, 255, 65, 1, 71, 124, 243, 135, 11, 20, 192, 98, 0, 0,
       16, 96, 0, 3, 0, 192, 220, 179, 5, 0, 23, 254, 255, 191, 231, 0,
       2, 0, 0, 128, 7, 0, 65, 96, 50, 17, 25, 6, 0, 72, 38, 203, 100,
       55, 153, 142, 15, 255, 160, 127, 207, 193, 192, 128, 65, 0, 128,
       140, 29, 239, 48, 231, 255, 111, 30, 253, 226, 33, 15, 242, 32,
       12, 128, 224, 31, 0, 24, 110, 125, 231, 0, 116, 221, 117, 175, 27,
       194, 144, 199, 158, 3, 1, 255, 253, 223, 54, 154, 37, 0, 0, 152,
       108, 246, 15, 128, 234, 80, 0, 0, 224, 238, 239, 0, 64, 223, 239,
       239, 7, 2, 72, 223, 240, 0, 0, 65, 223, 125, 238, 113, 239, 155,
       231, 92, 199, 48, 78, 199, 227, 229, 255, 255, 147, 241, 255, 255,
       255, 16, 128, 185, 255, 159, 53, 0, 0, 0, 128, 8, 56, 124, 255,
       127, 223, 195, 239, 255, 243, 253, 253, 254, 111, 64, 32, 24, 2,
       0, 196, 180, 255, 207, 97, 96, 0, 0, 0, 0, 128, 13, 239, 240, 231,
       255, 255, 191, 121, 192, 33, 14, 227, 48, 15, 128, 3, 0, 64, 0,
       96, 60, 227, 8, 39, 156, 121, 206, 17, 195, 28, 231, 156, 3, 49,
       0, 6, 227, 0, 0, 100, 50, 49, 155, 13, 2, 0, 144, 255, 247, 54,
       147, 13, 25, 58, 254, 255, 255, 247, 243, 96, 0, 129, 193, 199,
       15, 255, 241, 195, 14, 250, 254, 255, 143, 51, 140, 227, 56, 15,
       129, 32, 32, 192, 0, 32, 60, 251, 104, 193, 56, 227, 191, 35, 0,
       0, 0, 0, 144, 241, 0, 0, 0, 185, 81, 132, 50, 16, 16, 220, 206,
       14, 1, 0, 0, 240, 124, 190, 159, 59, 128, 123, 0, 8, 12, 28, 56,
       112, 224, 192, 128, 225, 124, 255, 193, 3, 3, 28, 114, 132, 127,
       124, 195, 16, 0, 128, 25, 33, 72, 235, 44, 179, 204, 147, 199, 4,
       231, 254, 255, 191, 255, 252, 171, 24, 128, 225, 255, 254, 255,
       159, 78, 63, 0, 162, 248, 255, 255, 125, 126, 63, 18, 45, 0, 137,
       188, 0, 0, 8, 4, 4, 120, 48, 240, 224, 229, 47, 62, 48, 224, 137,
       111, 254, 251, 207, 31, 0, 0, 64, 184, 152, 25, 0, 0, 2, 128, 120,
       4, 217, 236, 231, 63, 255, 255, 255, 231, 156, 227, 61, 252, 255,
       67, 120, 105, 76, 190, 159, 255, 115, 88, 80, 38, 255, 229, 54,
       155, 65, 192, 231, 235, 191, 231, 253, 255, 224, 193, 130, 0, 0,
       0, 16, 224, 251, 79, 182, 217, 255, 255, 23, 128, 0, 8, 192, 0,
       10, 4, 16, 0, 192, 12, 32, 8, 251, 237, 103, 0, 0, 0, 80, 192, 0,
       0, 128, 0, 8, 192, 1, 254, 182, 36, 50, 153, 60, 7, 0, 0, 0, 192,
       225, 0, 32, 112, 16, 160, 51, 215, 229, 239, 207, 31, 7, 23, 44,
       252, 239, 127, 127, 252, 224, 67, 15, 56, 232, 1, 143, 112, 76, 6,
       98, 214, 40, 3, 108, 252, 249, 199, 221, 255, 191, 251, 236, 63,
       255, 248, 128, 19, 191, 243, 231, 255, 62, 250, 165, 62, 17, 224,
       254, 63, 0, 56, 223, 239, 54, 1, 128, 193, 203, 52, 64, 216, 239,
       239, 207, 14, 11, 25, 254, 253, 15, 1, 0, 16, 72, 32, 199, 59,
       239, 57, 239, 119, 46, 1, 32, 32, 224, 191, 255, 255, 28, 33, 252,
       255, 63, 8, 100, 24, 225, 255, 255, 159, 49, 0, 0, 0, 1, 192, 32,
       249, 244, 251, 255, 187, 147, 96, 178, 255, 127, 16, 0, 64, 208,
       1, 255, 255, 255, 247, 227, 7, 14, 14, 156, 57, 254, 241, 207,
       127, 254, 255, 255, 13, 112, 0, 130, 32, 204, 134, 27, 192, 70,
